3 1 60
4 1 61
5 1 62
6 1 63
7 1 64
8 1 65
9 1 66
10 1 67
13 5 75 
14 5 76
15 5 77
16 5 78
17 5 79
18 5 80
19 1 68
20 1 69
23 5 81
24 1 90
25 1 91
26 1 92
27 1 93
28 1 94
29 5 82
30 1 70
33 1 0
34 5 83
35 1 95
36 1 96
37 1 97
38 1 98
39 5 99
40 5 84
43 1 1
44 1 2
45 5 85
46 1 100
47 1 101
48 1 102
49 1 103
50 5 86
53 1 3
54 1 4
55 10 105
56 1 45
57 1 46
58 1 47
59 1 48
60 10 106
63 1 5
64 10 107
65 1 49
66 1 50
67 1 51
68 1 52
69 1 53
70 10 108
73 10 109
74 1 54
75 1 55
76 1 56
77 1 57
78 1 58
79 10 110
80 1 15
83 10 111
84 10 112
85 10 113
86 10 114
87 10 115
88 10 116
89 1 16
90 1 17
93 1 18
94 1 19
95 1 20
96 1 21
97 1 22
98 1 23
99 1 24
100 1 25